2022 3 1 7 49 19 6 12 44
2022 3 2 7 48 19 6 12 45
2022 3 3 7 46 19 7 12 47
2022 3 4 7 45 19 8 12 49
2022 3 5 7 43 19 9 12 52
2022 3 6 7 41 19 10 12 54
2022 3 7 7 40 19 11 12 56
2022 3 8 7 38 19 12 12 59
2022 3 9 7 37 19 14 13 2
2022 3 10 7 35 19 15 13 5
2022 3 11 7 34 19 16 13 7
2022 3 12 7 32 19 17 13 9
2022 3 13 7 30 19 18 13 12
2022 3 14 7 29 19 19 13 14
2022 3 15 7 27 19 20 13 16
2022 3 16 7 25 19 21 13 19
2022 3 17 7 24 19 22 13 21
2022 3 18 7 22 19 23 13 23
2022 3 19 7 21 19 24 13 25
2022 3 20 7 19 19 25 13 28
2022 3 21 7 17 19 26 13 30
2022 3 22 7 16 19 27 13 32
2022 3 23 7 14 19 28 13 35
2022 3 24 7 12 19 29 13 37
2022 3 25 7 11 19 30 13 39
2022 3 26 7 9 19 32 13 43
2022 3 27 8 7 20 33 14 46
2022 3 28 8 6 20 34 14 48
2022 3 29 8 4 20 35 14 50
2022 3 30 8 3 20 36 14 52
2022 3 31 8 1 20 37 14 55
2022 4 1 7 59 20 38 14 57
2022 4 2 7 58 20 39 14 59
2022 4 3 7 56 20 40 15 2
2022 4 4 7 55 20 41 15 4
2022 4 5 7 53 20 42 15 6
2022 4 6 7 51 20 43 15 9
2022 4 7 7 50 20 44 15 11
2022 4 8 7 48 20 45 15 13
2022 4 9 7 47 20 46 15 15
2022 4 10 7 45 20 47 15 18
2022 4 11 7 43 20 48 15 20
2022 4 12 7 42 20 49 15 22
2022 4 13 7 40 20 50 15 25
2022 4 14 7 39 20 51 15 27
2022 4 15 7 37 20 52 15 29
2022 4 16 7 36 20 53 15 31
2022 4 17 7 34 20 54 15 34
2022 4 18 7 33 20 55 15 36
2022 4 19 7 31 20 56 15 38
2022 4 20 7 30 20 57 15 40
2022 4 21 7 28 20 58 15 43
2022 4 22 7 27 20 59 15 45
2022 4 23 7 26 21 0 15 47
2022 4 24 7 24 21 1 15 49
2022 4 25 7 23 21 2 15 51
2022 4 26 7 21 21 3 15 54
2022 4 27 7 20 21 4 15 56
2022 4 28 7 19 21 6 15 59
2022 4 29 7 17 21 7 16 2
2022 4 30 7 16 21 8 16 4
2022 5 1 7 15 21 9 16 6
2022 5 2 7 14 21 10 16 8
2022 5 3 7 12 21 11 16 10
2022 5 4 7 11 21 12 16 12
2022 5 5 7 10 21 13 16 14
2022 5 6 7 9 21 14 16 16
2022 5 7 7 8 21 15 16 18
2022 5 8 7 7 21 16 16 20
2022 5 9 7 5 21 17 16 23
2022 5 10 7 4 21 18 16 25
2022 5 11 7 3 21 19 16 27
2022 5 12 7 2 21 20 16 29
2022 5 13 7 1 21 21 16 31
2022 5 14 7 0 21 22 16 33
2022 5 15 6 59 21 23 16 35
2022 5 16 6 58 21 24 16 37
2022 5 17 6 58 21 24 16 37
2022 5 18 6 57 21 25 16 39
2022 5 19 6 56 21 26 16 41
2022 5 20 6 55 21 27 16 43
2022 5 21 6 54 21 28 16 45
2022 5 22 6 53 21 29 16 47
2022 5 23 6 53 21 30 16 48
2022 5 24 6 52 21 31 16 50
2022 5 25 6 51 21 32 16 52
2022 5 26 6 51 21 32 16 52
2022 5 27 6 50 21 33 16 54
2022 5 28 6 50 21 34 16 56
2022 5 29 6 49 21 35 16 58
2022 5 30 6 49 21 36 16 59
2022 5 31 6 48 21 36 17 0
2022 6 1 6 48 21 37 17 1
2022 6 2 6 47 21 38 17 3
2022 6 3 6 47 21 39 17 5
2022 6 4 6 46 21 39 17 5
2022 6 5 6 46 21 40 17 7
2022 6 6 6 46 21 40 17 7
2022 6 7 6 46 21 41 17 8
2022 6 8 6 45 21 42 17 10
2022 6 9 6 45 21 42 17 10
2022 6 10 6 45 21 43 17 12
2022 6 11 6 45 21 43 17 12
2022 6 12 6 45 21 44 17 13
2022 6 13 6 45 21 44 17 13
2022 6 14 6 45 21 45 17 15
2022 6 15 6 45 21 45 17 15
2022 6 16 6 45 21 45 17 15
2022 6 17 6 45 21 46 17 16
2022 6 18 6 45 21 46 17 16
2022 6 19 6 45 21 46 17 16
2022 6 20 6 45 21 47 17 18
2022 6 21 6 45 21 47 17 18
2022 6 22 6 46 21 47 17 17
2022 6 23 6 46 21 47 17 17
2022 6 24 6 46 21 47 17 17
2022 6 25 6 47 21 47 17 17
2022 6 26 6 47 21 47 17 17
2022 6 27 6 47 21 47 17 17
2022 6 28 6 48 21 47 17 16
2022 6 29 6 48 21 47 17 16
2022 6 30 6 49 21 47 17 16
2022 7 1 6 49 21 47 17 16
2022 7 2 6 50 21 47 17 15
2022 7 3 6 50 21 47 17 15
2022 7 4 6 51 21 47 17 15
2022 7 5 6 51 21 46 17 13
2022 7 6 6 52 21 46 17 13
2022 7 7 6 52 21 46 17 13
2022 7 8 6 53 21 46 17 12
2022 7 9 6 54 21 45 17 10
2022 7 10 6 54 21 45 17 10
2022 7 11 6 55 21 44 17 8
2022 7 12 6 56 21 44 17 8
2022 7 13 6 56 21 43 17 6
2022 7 14 6 57 21 43 17 6
2022 7 15 6 58 21 42 17 4
2022 7 16 6 59 21 42 17 3
2022 7 17 7 0 21 41 17 1
2022 7 18 7 0 21 40 17 0
2022 7 19 7 1 21 40 16 59
2022 7 20 7 2 21 39 16 57
2022 7 21 7 3 21 38 16 55
2022 7 22 7 4 21 37 16 53
2022 7 23 7 5 21 37 16 53
2022 7 24 7 5 21 36 16 51
2022 7 25 7 6 21 35 16 49
2022 7 26 7 7 21 34 16 47
2022 7 27 7 8 21 33 16 45
2022 7 28 7 9 21 32 16 43
2022 7 29 7 10 21 31 16 41
2022 7 30 7 11 21 30 16 39
2022 7 31 7 12 21 29 16 37
2022 8 1 7 13 21 28 16 35
2022 8 2 7 14 21 27 16 33
2022 8 3 7 15 21 26 16 31
2022 8 4 7 16 21 25 16 29
2022 8 5 7 17 21 24 16 27
2022 8 6 7 17 21 22 16 24
2022 8 7 7 18 21 21 16 22
2022 8 8 7 19 21 20 16 20
2022 8 9 7 20 21 19 16 18
2022 8 10 7 21 21 17 16 15
2022 8 11 7 22 21 16 16 13
2022 8 12 7 23 21 15 16 11
2022 8 13 7 24 21 13 16 7
2022 8 14 7 25 21 12 16 5
2022 8 15 7 26 21 11 16 3
2022 8 16 7 27 21 9 16 0
2022 8 17 7 28 21 8 15 58
2022 8 18 7 29 21 7 15 56
2022 8 19 7 30 21 5 15 52
2022 8 20 7 31 21 4 15 50
2022 8 21 7 32 21 2 15 47
2022 8 22 7 33 21 1 15 45
2022 8 23 7 34 20 59 15 41
2022 8 24 7 35 20 58 15 39
2022 8 25 7 36 20 56 15 36
2022 8 26 7 37 20 55 15 34
2022 8 27 7 38 20 53 15 30
2022 8 28 7 39 20 52 15 28
2022 8 29 7 40 20 50 15 25
2022 8 30 7 41 20 49 15 23
2022 8 31 7 42 20 47 15 19
2022 9 1 7 43 20 45 15 16
2022 9 2 7 44 20 44 15 14
2022 9 3 7 44 20 42 15 11
2022 9 4 7 45 20 41 15 9
2022 9 5 7 46 20 39 15 5
2022 9 6 7 47 20 37 15 2
2022 9 7 7 48 20 36 15 0
2022 9 8 7 49 20 34 14 56
2022 9 9 7 50 20 32 14 53
2022 9 10 7 51 20 31 14 51
2022 9 11 7 52 20 29 14 47
2022 9 12 7 53 20 27 14 44
2022 9 13 7 54 20 26 14 42
2022 9 14 7 55 20 24 14 38
2022 9 15 7 56 20 22 14 35
2022 9 16 7 57 20 21 14 33
2022 9 17 7 58 20 19 14 29
2022 9 18 7 59 20 17 14 26
2022 9 19 8 0 20 16 14 24
2022 9 20 8 1 20 14 14 20
2022 9 21 8 2 20 12 14 17
2022 9 22 8 3 20 11 14 15
2022 9 23 8 4 20 9 14 11
2022 9 24 8 5 20 7 14 8
2022 9 25 8 6 20 6 14 6
2022 9 26 8 7 20 4 14 2
2022 9 27 8 8 20 2 13 59
2022 9 28 8 9 20 1 13 57
2022 9 29 8 10 19 59 13 53
2022 9 30 8 11 19 57 13 50
2022 10 1 8 12 19 56 13 48
2022 10 2 8 13 19 54 13 44
2022 10 3 8 14 19 52 13 41
2022 10 4 8 15 19 51 13 39
2022 10 5 8 16 19 49 13 35
2022 10 6 8 17 19 48 13 33
2022 10 7 8 18 19 46 13 30
2022 10 8 8 19 19 44 13 26
2022 10 9 8 20 19 43 13 24
2022 10 10 8 21 19 41 13 21
2022 10 11 8 22 19 40 13 19
2022 10 12 8 23 19 38 13 15
2022 10 13 8 24 19 37 13 13
2022 10 14 8 25 19 35 13 10
2022 10 15 8 26 19 34 13 8
2022 10 16 8 27 19 32 13 4
2022 10 17 8 28 19 31 13 2
2022 10 18 8 29 19 29 12 59
2022 10 19 8 30 19 28 12 57
2022 10 20 8 31 19 26 12 53
2022 10 21 8 32 19 25 12 51
2022 10 22 8 34 19 23 12 47
2022 10 23 8 35 19 22 12 45
2022 10 24 8 36 19 21 12 43
2022 10 25 8 37 19 19 12 40
2022 10 26 8 38 19 18 12 38
2022 10 27 8 39 19 17 12 36
2022 10 28 8 40 19 15 12 32
2022 10 29 8 41 19 14 12 30
2022 10 30 7 43 18 13 11 28
2022 10 31 7 44 18 12 11 26
2022 11 1 7 45 18 10 11 22
2022 11 2 7 46 18 9 11 20
2022 11 3 7 47 18 8 11 18
2022 11 4 7 48 18 7 11 16
2022 11 5 7 49 18 6 11 14
2022 11 6 7 51 18 5 11 12
2022 11 7 7 52 18 4 11 10
2022 11 8 7 53 18 3 11 8
2022 11 9 7 54 18 2 11 6
2022 11 10 7 55 18 1 11 4
2022 11 11 7 56 18 0 11 2
2022 11 12 7 58 17 59 10 59
2022 11 13 7 59 17 58 10 57
2022 11 14 8 0 17 57 10 55
2022 11 15 8 1 17 56 10 53
2022 11 16 8 2 17 56 10 53
2022 11 17 8 3 17 55 10 51
2022 11 18 8 5 17 54 10 48
2022 11 19 8 6 17 53 10 46
2022 11 20 8 7 17 53 10 46
2022 11 21 8 8 17 52 10 44
2022 11 22 8 9 17 51 10 42
2022 11 23 8 10 17 51 10 41
2022 11 24 8 11 17 50 10 39
2022 11 25 8 12 17 50 10 39
2022 11 26 8 13 17 49 10 37
2022 11 27 8 15 17 49 10 36
2022 11 28 8 16 17 49 10 35
2022 11 29 8 17 17 48 10 33
2022 11 30 8 18 17 48 10 33
2022 12 1 8 19 17 48 10 32
2022 12 2 8 20 17 47 10 30
2022 12 3 8 21 17 47 10 30
2022 12 4 8 22 17 47 10 29
2022 12 5 8 23 17 47 10 29
2022 12 6 8 24 17 47 10 28
2022 12 7 8 24 17 47 10 28
2022 12 8 8 25 17 47 10 28
2022 12 9 8 26 17 47 10 27
2022 12 10 8 27 17 47 10 27
2022 12 11 8 28 17 47 10 26
2022 12 12 8 29 17 47 10 26
2022 12 13 8 29 17 47 10 26
2022 12 14 8 30 17 48 10 27
2022 12 15 8 31 17 48 10 26
2022 12 16 8 32 17 48 10 26
2022 12 17 8 32 17 48 10 26
2022 12 18 8 33 17 49 10 27
2022 12 19 8 33 17 49 10 27
2022 12 20 8 34 17 50 10 28
2022 12 21 8 35 17 50 10 27
2022 12 22 8 35 17 51 10 29
2022 12 23 8 36 17 51 10 28
2022 12 24 8 36 17 52 10 30
2022 12 25 8 36 17 52 10 30
2022 12 26 8 37 17 53 10 31
2022 12 27 8 37 17 54 10 32
2022 12 28 8 37 17 54 10 32
2022 12 29 8 38 17 55 10 33
2022 12 30 8 38 17 56 10 35
2022 12 31 8 38 17 57 10 36
2023 1 1 8 38 17 57 10 36
2023 1 2 8 38 17 58 10 38
2023 1 3 8 38 17 59 10 39
2023 1 4 8 38 18 0 10 41
2023 1 5 8 38 18 1 10 42
2023 1 6 8 38 18 2 10 44
2023 1 7 8 38 18 3 10 45
2023 1 8 8 38 18 4 10 47
2023 1 9 8 38 18 5 10 48
2023 1 10 8 38 18 6 10 50
2023 1 11 8 38 18 7 10 51
2023 1 12 8 37 18 8 10 53
2023 1 13 8 37 18 9 10 55
2023 1 14 8 37 18 10 10 56
2023 1 15 8 36 18 11 10 58
2023 1 16 8 36 18 12 11 0
2023 1 17 8 35 18 13 11 2
2023 1 18 8 35 18 15 11 5
2023 1 19 8 34 18 16 11 7
2023 1 20 8 34 18 17 11 8
2023 1 21 8 33 18 18 11 10
2023 1 22 8 33 18 19 11 12
2023 1 23 8 32 18 20 11 14
2023 1 24 8 31 18 22 11 17
2023 1 25 8 31 18 23 11 19
2023 1 26 8 30 18 24 11 21
2023 1 27 8 29 18 25 11 23
2023 1 28 8 28 18 26 11 25
2023 1 29 8 28 18 28 11 28
2023 1 30 8 27 18 29 11 30
2023 1 31 8 26 18 30 11 32
2023 2 1 8 25 18 31 11 34
2023 2 2 8 24 18 33 11 37
2023 2 3 8 23 18 34 11 39
2023 2 4 8 22 18 35 11 41
2023 2 5 8 21 18 36 11 43
2023 2 6 8 20 18 37 11 45
2023 2 7 8 19 18 39 11 49
2023 2 8 8 18 18 40 11 51
2023 2 9 8 16 18 41 11 53
2023 2 10 8 15 18 42 11 55
2023 2 11 8 14 18 43 11 57
2023 2 12 8 13 18 45 12 1
2023 2 13 8 12 18 46 12 3
2023 2 14 8 10 18 47 12 5
2023 2 15 8 9 18 48 12 7
2023 2 16 8 8 18 49 12 9
2023 2 17 8 7 18 51 12 13
2023 2 18 8 5 18 52 12 15
2023 2 19 8 4 18 53 12 17
2023 2 20 8 2 18 54 12 20
2023 2 21 8 1 18 55 12 22
2023 2 22 8 0 18 56 12 24
2023 2 23 7 58 18 58 12 28
2023 2 24 7 57 18 59 12 30
2023 2 25 7 55 19 0 12 32
2023 2 26 7 54 19 1 12 34
2023 2 27 7 52 19 2 12 37
2023 2 28 7 51 19 3 12 39